
# Surface 0 of 1 surfaces

# Curve title: "'$cloud'"

# IsoCurve 0, 50 points
# x y z type
 639  71  14.1994 i
 639  102.735  14.2021 i
 639  134.469  14.2056 i
 639  166.204  14.21 i
 639  197.939  14.2151 i
 639  229.673  14.2212 i
 639  261.408  14.2283 i
 639  293.143  14.2365 i
 639  324.878  14.2461 i
 639  356.612  14.2573 i
 639  388.347  14.2703 i
 639  420.082  14.2853 i
 639  451.816  14.3028 i
 639  483.551  14.3232 i
 639  515.286  14.3469 i
 639  547.02  14.3746 i
 639  578.755  14.4069 i
 639  610.49  14.4447 i
 639  642.224  14.4893 i
 639  673.959  14.5422 i
 639  705.694  14.6057 i
 639  737.429  14.6831 i
 639  769.163  14.7795 i
 639  800.898  14.9031 i
 639  832.633  15.0684 i
 639  864.367  15.3006 i
 639  896.102  15.6455 i
 639  927.837  16.1934 i
 639  959.571  17.4807 i
 639  991.306  15.9367 i
 639  1023.04  15.1402 i
 639  1054.78  14.7649 i
 639  1086.51  14.5251 i
 639  1118.24  14.0668 i
 639  1149.98  13.8447 i
 639  1181.71  13.7936 i
 639  1213.45  13.5455 i
 639  1245.18  13.3558 i
 639  1276.92  13.1573 i
 639  1308.65  13.2935 i
 639  1340.39  13.1519 i
 639  1372.12  14.0029 i
 639  1403.86  14.2501 i
 639  1435.59  14.6567 i
 639  1467.33  15.4577 i
 639  1499.06  18.8467 i
 639  1530.8  15.5492 i
 639  1562.53  15.4975 i
 639  1594.27  15.545 i
 639  1626  15.6087 i

# IsoCurve 1, 50 points
# x y z type
 625.959  71  14.1948 i
 625.959  102.735  14.1974 i
 625.959  134.469  14.2009 i
 625.959  166.204  14.2051 i
 625.959  197.939  14.2102 i
 625.959  229.673  14.2162 i
 625.959  261.408  14.2232 i
 625.959  293.143  14.2313 i
 625.959  324.878  14.2408 i
 625.959  356.612  14.2519 i
 625.959  388.347  14.2648 i
 625.959  420.082  14.2798 i
 625.959  451.816  14.2974 i
 625.959  483.551  14.3178 i
 625.959  515.286  14.3417 i
 625.959  547.02  14.3697 i
 625.959  578.755  14.4024 i
 625.959  610.49  14.441 i
 625.959  642.224  14.4866 i
 625.959  673.959  14.5409 i
 625.959  705.694  14.6064 i
 625.959  737.429  14.6866 i
 625.959  769.163  14.7872 i
 625.959  800.898  14.9176 i
 625.959  832.633  15.0947 i
 625.959  864.367  15.3505 i
 625.959  896.102  15.747 i
 625.959  927.837  16.3983 i
 625.959  959.571  17.4848 i
 625.959  991.306  16.1155 i
 625.959  1023.04  15.1765 i
 625.959  1054.78  14.8764 i
 625.959  1086.51  14.5123 i
 625.959  1118.24  14.0191 i
 625.959  1149.98  13.8403 i
 625.959  1181.71  13.8589 i
 625.959  1213.45  13.4494 i
 625.959  1245.18  13.2401 i
 625.959  1276.92  12.9584 i
 625.959  1308.65  13.175 i
 625.959  1340.39  15.078 i
 625.959  1372.12  13.8315 i
 625.959  1403.86  14.2539 i
 625.959  1435.59  14.71 i
 625.959  1467.33  15.6522 i
 625.959  1499.06  16.7331 i
 625.959  1530.8  15.6465 i
 625.959  1562.53  15.6026 i
 625.959  1594.27  15.6337 i
 625.959  1626  15.6889 i

# IsoCurve 2, 50 points
# x y z type
 612.918  71  14.19 i
 612.918  102.735  14.1925 i
 612.918  134.469  14.1959 i
 612.918  166.204  14.2001 i
 612.918  197.939  14.2051 i
 612.918  229.673  14.211 i
 612.918  261.408  14.2179 i
 612.918  293.143  14.2259 i
 612.918  324.878  14.2353 i
 612.918  356.612  14.2462 i
 612.918  388.347  14.259 i
 612.918  420.082  14.274 i
 612.918  451.816  14.2915 i
 612.918  483.551  14.312 i
 612.918  515.286  14.336 i
 612.918  547.02  14.3642 i
 612.918  578.755  14.3973 i
 612.918  610.49  14.4364 i
 612.918  642.224  14.4828 i
 612.918  673.959  14.5383 i
 612.918  705.694  14.6055 i
 612.918  737.429  14.688 i
 612.918  769.163  14.7921 i
 612.918  800.898  14.928 i
 612.918  832.633  15.1146 i
 612.918  864.367  15.3896 i
 612.918  896.102  15.8309 i
 612.918  927.837  16.5768 i
 612.918  959.571  17.49 i
 612.918  991.306  16.2566 i
 612.918  1023.04  15.1552 i
 612.918  1054.78  14.8255 i
 612.918  1086.51  14.3683 i
 612.918  1118.24  13.9628 i
 612.918  1149.98  13.8551 i
 612.918  1181.71  13.7424 i
 612.918  1213.45  13.3132 i
 612.918  1245.18  13.1093 i
 612.918  1276.92  12.6909 i
 612.918  1308.65  15.6449 i
 612.918  1340.39  13.3717 i
 612.918  1372.12  13.7314 i
 612.918  1403.86  14.2674 i
 612.918  1435.59  14.7762 i
 612.918  1467.33  15.4967 i
 612.918  1499.06  16.0435 i
 612.918  1530.8  15.7533 i
 612.918  1562.53  15.7272 i
 612.918  1594.27  15.7306 i
 612.918  1626  15.7745 i

# IsoCurve 3, 50 points
# x y z type
 599.878  71  14.185 i
 599.878  102.735  14.1874 i
 599.878  134.469  14.1908 i
 599.878  166.204  14.1949 i
 599.878  197.939  14.1999 i
 599.878  229.673  14.2057 i
 599.878  261.408  14.2124 i
 599.878  293.143  14.2203 i
 599.878  324.878  14.2295 i
 599.878  356.612  14.2403 i
 599.878  388.347  14.2529 i
 599.878  420.082  14.2678 i
 599.878  451.816  14.2852 i
 599.878  483.551  14.3057 i
 599.878  515.286  14.3297 i
 599.878  547.02  14.358 i
 599.878  578.755  14.3914 i
 599.878  610.49  14.431 i
 599.878  642.224  14.4781 i
 599.878  673.959  14.5345 i
 599.878  705.694  14.603 i
 599.878  737.429  14.6874 i
 599.878  769.163  14.7941 i
 599.878  800.898  14.9339 i
 599.878  832.633  15.1271 i
 599.878  864.367  15.4154 i
 599.878  896.102  15.8911 i
 599.878  927.837  16.7476 i
 599.878  959.571  17.5315 i
 599.878  991.306  16.3732 i
 599.878  1023.04  15.1308 i
 599.878  1054.78  14.9451 i
 599.878  1086.51  14.2389 i
 599.878  1118.24  13.9162 i
 599.878  1149.98  13.8016 i
 599.878  1181.71  13.4251 i
 599.878  1213.45  13.1337 i
 599.878  1245.18  12.8053 i
 599.878  1276.92  14.6192 i
 599.878  1308.65  13.2275 i
 599.878  1340.39  13.4664 i
 599.878  1372.12  13.7198 i
 599.878  1403.86  14.2887 i
 599.878  1435.59  14.8761 i
 599.878  1467.33  15.4308 i
 599.878  1499.06  15.8319 i
 599.878  1530.8  15.936 i
 599.878  1562.53  15.8829 i
 599.878  1594.27  15.8352 i
 599.878  1626  15.8652 i

# IsoCurve 4, 50 points
# x y z type
 586.837  71  14.1797 i
 586.837  102.735  14.1821 i
 586.837  134.469  14.1854 i
 586.837  166.204  14.1895 i
 586.837  197.939  14.1944 i
 586.837  229.673  14.2002 i
 586.837  261.408  14.2068 i
 586.837  293.143  14.2145 i
 586.837  324.878  14.2235 i
 586.837  356.612  14.2341 i
 586.837  388.347  14.2466 i
 586.837  420.082  14.2612 i
 586.837  451.816  14.2785 i
 586.837  483.551  14.2989 i
 586.837  515.286  14.3229 i
 586.837  547.02  14.3512 i
 586.837  578.755  14.3848 i
 586.837  610.49  14.4247 i
 586.837  642.224  14.4722 i
 586.837  673.959  14.5294 i
 586.837  705.694  14.5988 i
 586.837  737.429  14.6846 i
 586.837  769.163  14.793 i
 586.837  800.898  14.9351 i
 586.837  832.633  15.1317 i
 586.837  864.367  15.4264 i
 586.837  896.102  15.9211 i
 586.837  927.837  16.8787 i
 586.837  959.571  19.2822 i
 586.837  991.306  16.4111 i
 586.837  1023.04  15.1329 i
 586.837  1054.78  14.7277 i
 586.837  1086.51  14.0906 i
 586.837  1118.24  13.8971 i
 586.837  1149.98  13.5873 i
 586.837  1181.71  13.1732 i
 586.837  1213.45  12.7168 i
 586.837  1245.18  13.2519 i
 586.837  1276.92  13.2128 i
 586.837  1308.65  13.2122 i
 586.837  1340.39  13.3655 i
 586.837  1372.12  13.5476 i
 586.837  1403.86  14.295 i
 586.837  1435.59  15.0394 i
 586.837  1467.33  15.5559 i
 586.837  1499.06  15.9562 i
 586.837  1530.8  16.2853 i
 586.837  1562.53  16.0826 i
 586.837  1594.27  15.9452 i
 586.837  1626  15.9606 i

# IsoCurve 5, 50 points
# x y z type
 573.796  71  14.1742 i
 573.796  102.735  14.1765 i
 573.796  134.469  14.1798 i
 573.796  166.204  14.184 i
 573.796  197.939  14.1888 i
 573.796  229.673  14.1945 i
 573.796  261.408  14.201 i
 573.796  293.143  14.2085 i
 573.796  324.878  14.2173 i
 573.796  356.612  14.2277 i
 573.796  388.347  14.2399 i
 573.796  420.082  14.2543 i
 573.796  451.816  14.2714 i
 573.796  483.551  14.2916 i
 573.796  515.286  14.3155 i
 573.796  547.02  14.3438 i
 573.796  578.755  14.3774 i
 573.796  610.49  14.4174 i
 573.796  642.224  14.4653 i
 573.796  673.959  14.5229 i
 573.796  705.694  14.593 i
 573.796  737.429  14.6795 i
 573.796  769.163  14.7889 i
 573.796  800.898  14.9318 i
 573.796  832.633  15.1286 i
 573.796  864.367  15.422 i
 573.796  896.102  15.9164 i
 573.796  927.837  16.913 i
 573.796  959.571  19.2883 i
 573.796  991.306  16.3161 i
 573.796  1023.04  15.0852 i
 573.796  1054.78  14.5656 i
 573.796  1086.51  14.0117 i
 573.796  1118.24  13.7969 i
 573.796  1149.98  13.4096 i
 573.796  1181.71  12.8511 i
 573.796  1213.45  12.9778 i
 573.796  1245.18  13.0907 i
 573.796  1276.92  13.1074 i
 573.796  1308.65  13.0877 i
 573.796  1340.39  13.1495 i
 573.796  1372.12  12.7932 i
 573.796  1403.86  13.8544 i
 573.796  1435.59  15.3078 i
 573.796  1467.33  15.8494 i
 573.796  1499.06  16.2692 i
 573.796  1530.8  17.0333 i
 573.796  1562.53  16.3286 i
 573.796  1594.27  16.0547 i
 573.796  1626  16.06 i

# IsoCurve 6, 50 points
# x y z type
 560.755  71  14.1683 i
 560.755  102.735  14.1705 i
 560.755  134.469  14.1739 i
 560.755  166.204  14.1782 i
 560.755  197.939  14.1831 i
 560.755  229.673  14.1886 i
 560.755  261.408  14.195 i
 560.755  293.143  14.2023 i
 560.755  324.878  14.2109 i
 560.755  356.612  14.221 i
 560.755  388.347  14.2329 i
 560.755  420.082  14.2471 i
 560.755  451.816  14.2639 i
 560.755  483.551  14.2839 i
 560.755  515.286  14.3075 i
 560.755  547.02  14.3357 i
 560.755  578.755  14.3692 i
 560.755  610.49  14.4092 i
 560.755  642.224  14.4572 i
 560.755  673.959  14.515 i
 560.755  705.694  14.5854 i
 560.755  737.429  14.6723 i
 560.755  769.163  14.7818 i
 560.755  800.898  14.924 i
 560.755  832.633  15.1181 i
 560.755  864.367  15.4035 i
 560.755  896.102  15.8769 i
 560.755  927.837  16.8349 i
 560.755  959.571  19.2735 i
 560.755  991.306  16.1851 i
 560.755  1023.04  15.0056 i
 560.755  1054.78  14.411 i
 560.755  1086.51  13.9904 i
 560.755  1118.24  13.8294 i
 560.755  1149.98  13.3966 i
 560.755  1181.71  12.1998 i
 560.755  1213.45  12.7983 i
 560.755  1245.18  12.9727 i
 560.755  1276.92  12.9486 i
 560.755  1308.65  12.8296 i
 560.755  1340.39  12.7673 i
 560.755  1372.12  11.5952 i
 560.755  1403.86  14.7948 i
 560.755  1435.59  15.7439 i
 560.755  1467.33  16.3887 i
 560.755  1499.06  16.7418 i
 560.755  1530.8  18.8143 i
 560.755  1562.53  16.573 i
 560.755  1594.27  16.1557 i
 560.755  1626  16.1632 i

# IsoCurve 7, 50 points
# x y z type
 547.714  71  14.1619 i
 547.714  102.735  14.1642 i
 547.714  134.469  14.1677 i
 547.714  166.204  14.1721 i
 547.714  197.939  14.1771 i
 547.714  229.673  14.1826 i
 547.714  261.408  14.1888 i
 547.714  293.143  14.1959 i
 547.714  324.878  14.2042 i
 547.714  356.612  14.214 i
 547.714  388.347  14.2256 i
 547.714  420.082  14.2395 i
 547.714  451.816  14.256 i
 547.714  483.551  14.2756 i
 547.714  515.286  14.299 i
 547.714  547.02  14.3269 i
 547.714  578.755  14.3602 i
 547.714  610.49  14.4001 i
 547.714  642.224  14.448 i
 547.714  673.959  14.5058 i
 547.714  705.694  14.5762 i
 547.714  737.429  14.663 i
 547.714  769.163  14.7718 i
 547.714  800.898  14.9123 i
 547.714  832.633  15.1014 i
 547.714  864.367  15.3736 i
 547.714  896.102  15.8098 i
 547.714  927.837  16.6589 i
 547.714  959.571  19.4037 i
 547.714  991.306  15.93 i
 547.714  1023.04  14.8369 i
 547.714  1054.78  14.2062 i
 547.714  1086.51  13.7805 i
 547.714  1118.24  13.9032 i
 547.714  1149.98  12.2836 i
 547.714  1181.71  12.853 i
 547.714  1213.45  12.8655 i
 547.714  1245.18  12.8017 i
 547.714  1276.92  12.6861 i
 547.714  1308.65  12.3838 i
 547.714  1340.39  12.4337 i
 547.714  1372.12  13.6762 i
 547.714  1403.86  15.9886 i
 547.714  1435.59  16.4286 i
 547.714  1467.33  17.3635 i
 547.714  1499.06  18.0016 i
 547.714  1530.8  19.3231 i
 547.714  1562.53  16.6703 i
 547.714  1594.27  16.2416 i
 547.714  1626  16.2713 i

# IsoCurve 8, 50 points
# x y z type
 534.673  71  14.1549 i
 534.673  102.735  14.1573 i
 534.673  134.469  14.1611 i
 534.673  166.204  14.1658 i
 534.673  197.939  14.1709 i
 534.673  229.673  14.1764 i
 534.673  261.408  14.1824 i
 534.673  293.143  14.1893 i
 534.673  324.878  14.1973 i
 534.673  356.612  14.2068 i
 534.673  388.347  14.218 i
 534.673  420.082  14.2315 i
 534.673  451.816  14.2476 i
 534.673  483.551  14.2669 i
 534.673  515.286  14.2899 i
 534.673  547.02  14.3174 i
 534.673  578.755  14.3504 i
 534.673  610.49  14.39 i
 534.673  642.224  14.4376 i
 534.673  673.959  14.4952 i
 534.673  705.694  14.5653 i
 534.673  737.429  14.6516 i
 534.673  769.163  14.7593 i
 534.673  800.898  14.8971 i
 534.673  832.633  15.0798 i
 534.673  864.367  15.3357 i
 534.673  896.102  15.7271 i
 534.673  927.837  16.4215 i
 534.673  959.571  19.6934 i
 534.673  991.306  15.2705 i
 534.673  1023.04  14.4117 i
 534.673  1054.78  14.0569 i
 534.673  1086.51  13.2509 i
 534.673  1118.24  12.0105 i
 534.673  1149.98  12.8506 i
 534.673  1181.71  12.7671 i
 534.673  1213.45  12.7835 i
 534.673  1245.18  12.4954 i
 534.673  1276.92  12.0833 i
 534.673  1308.65  10.8828 i
 534.673  1340.39  12.7554 i
 534.673  1372.12  14.3366 i
 534.673  1403.86  16.5469 i
 534.673  1435.59  17.3612 i
 534.673  1467.33  18.3931 i
 534.673  1499.06  17.577 i
 534.673  1530.8  17.6813 i
 534.673  1562.53  16.5595 i
 534.673  1594.27  16.3142 i
 534.673  1626  16.3864 i

# IsoCurve 9, 50 points
# x y z type
 521.633  71  14.147 i
 521.633  102.735  14.1497 i
 521.633  134.469  14.1541 i
 521.633  166.204  14.1592 i
 521.633  197.939  14.1645 i
 521.633  229.673  14.17 i
 521.633  261.408  14.1759 i
 521.633  293.143  14.1825 i
 521.633  324.878  14.1902 i
 521.633  356.612  14.1993 i
 521.633  388.347  14.2102 i
 521.633  420.082  14.2232 i
 521.633  451.816  14.2388 i
 521.633  483.551  14.2576 i
 521.633  515.286  14.2802 i
 521.633  547.02  14.3073 i
 521.633  578.755  14.3398 i
 521.633  610.49  14.3789 i
 521.633  642.224  14.4261 i
 521.633  673.959  14.4832 i
 521.633  705.694  14.5528 i
 521.633  737.429  14.6382 i
 521.633  769.163  14.7444 i
 521.633  800.898  14.879 i
 521.633  832.633  15.0546 i
 521.633  864.367  15.2939 i
 521.633  896.102  15.6424 i
 521.633  927.837  16.1961 i
 521.633  959.571  16.5332 i
 521.633  991.306  15.2053 i
 521.633  1023.04  14.361 i
 521.633  1054.78  13.7182 i
 521.633  1086.51  12.6317 i
 521.633  1118.24  14.0908 i
 521.633  1149.98  12.8767 i
 521.633  1181.71  12.7537 i
 521.633  1213.45  12.5869 i
 521.633  1245.18  11.9208 i
 521.633  1276.92  11.6892 i
 521.633  1308.65  12.2174 i
 521.633  1340.39  12.9048 i
 521.633  1372.12  13.8023 i
 521.633  1403.86  16.6111 i
 521.633  1435.59  13.8749 i
 521.633  1467.33  19.3864 i
 521.633  1499.06  16.5593 i
 521.633  1530.8  16.6204 i
 521.633  1562.53  16.4017 i
 521.633  1594.27  16.3836 i
 521.633  1626  16.512 i

# IsoCurve 10, 50 points
# x y z type
 508.592  71  14.138 i
 508.592  102.735  14.1412 i
 508.592  134.469  14.1465 i
 508.592  166.204  14.1523 i
 508.592  197.939  14.158 i
 508.592  229.673  14.1635 i
 508.592  261.408  14.1692 i
 508.592  293.143  14.1755 i
 508.592  324.878  14.1828 i
 508.592  356.612  14.1915 i
 508.592  388.347  14.202 i
 508.592  420.082  14.2145 i
 508.592  451.816  14.2296 i
 508.592  483.551  14.2479 i
 508.592  515.286  14.2699 i
 508.592  547.02  14.2964 i
 508.592  578.755  14.3284 i
 508.592  610.49  14.3669 i
 508.592  642.224  14.4135 i
 508.592  673.959  14.4699 i
 508.592  705.694  14.5387 i
 508.592  737.429  14.6229 i
 508.592  769.163  14.7273 i
 508.592  800.898  14.8585 i
 508.592  832.633  15.027 i
 508.592  864.367  15.2513 i
 508.592  896.102  15.5657 i
 508.592  927.837  16.0407 i
 508.592  959.571  16.592 i
 508.592  991.306  14.6256 i
 508.592  1023.04  14.4622 i
 508.592  1054.78  12.9862 i
 508.592  1086.51  13.221 i
 508.592  1118.24  13.0019 i
 508.592  1149.98  12.9418 i
 508.592  1181.71  12.5745 i
 508.592  1213.45  12.2204 i
 508.592  1245.18  10.8665 i
 508.592  1276.92  12.0812 i
 508.592  1308.65  12.1067 i
 508.592  1340.39  12.5696 i
 508.592  1372.12  11.1864 i
 508.592  1403.86  16.9821 i
 508.592  1435.59  20.3829 i
 508.592  1467.33  17.0098 i
 508.592  1499.06  16.1473 i
 508.592  1530.8  16.1979 i
 508.592  1562.53  16.2953 i
 508.592  1594.27  16.4614 i
 508.592  1626  16.6521 i

# IsoCurve 11, 50 points
# x y z type
 495.551  71  14.1274 i
 495.551  102.735  14.1313 i
 495.551  134.469  14.1382 i
 495.551  166.204  14.1451 i
 495.551  197.939  14.1512 i
 495.551  229.673  14.1568 i
 495.551  261.408  14.1623 i
 495.551  293.143  14.1684 i
 495.551  324.878  14.1753 i
 495.551  356.612  14.1835 i
 495.551  388.347  14.1935 i
 495.551  420.082  14.2055 i
 495.551  451.816  14.22 i
 495.551  483.551  14.2377 i
 495.551  515.286  14.259 i
 495.551  547.02  14.2849 i
 495.551  578.755  14.3161 i
 495.551  610.49  14.3539 i
 495.551  642.224  14.3997 i
 495.551  673.959  14.4553 i
 495.551  705.694  14.523 i
 495.551  737.429  14.6059 i
 495.551  769.163  14.7083 i
 495.551  800.898  14.8359 i
 495.551  832.633  14.998 i
 495.551  864.367  15.2096 i
 495.551  896.102  15.5005 i
 495.551  927.837  15.9521 i
 495.551  959.571  17.5244 i
 495.551  991.306  15.1109 i
 495.551  1023.04  14.2821 i
 495.551  1054.78  12.0984 i
 495.551  1086.51  13.1414 i
 495.551  1118.24  13.0995 i
 495.551  1149.98  12.866 i
 495.551  1181.71  12.0606 i
 495.551  1213.45  11.82 i
 495.551  1245.18  11.8422 i
 495.551  1276.92  12.044 i
 495.551  1308.65  11.7809 i
 495.551  1340.39  11.0266 i
 495.551  1372.12  13.4458 i
 495.551  1403.86  16.8221 i
 495.551  1435.59  18.9356 i
 495.551  1467.33  16.321 i
 495.551  1499.06  15.8234 i
 495.551  1530.8  15.9533 i
 495.551  1562.53  16.2304 i
 495.551  1594.27  16.5547 i
 495.551  1626  16.8103 i

# IsoCurve 12, 50 points
# x y z type
 482.51  71  14.114 i
 482.51  102.735  14.1196 i
 482.51  134.469  14.1289 i
 482.51  166.204  14.1375 i
 482.51  197.939  14.1443 i
 482.51  229.673  14.15 i
 482.51  261.408  14.1553 i
 482.51  293.143  14.161 i
 482.51  324.878  14.1676 i
 482.51  356.612  14.1753 i
 482.51  388.347  14.1847 i
 482.51  420.082  14.1961 i
 482.51  451.816  14.21 i
 482.51  483.551  14.2269 i
 482.51  515.286  14.2476 i
 482.51  547.02  14.2726 i
 482.51  578.755  14.303 i
 482.51  610.49  14.3399 i
 482.51  642.224  14.3848 i
 482.51  673.959  14.4393 i
 482.51  705.694  14.5058 i
 482.51  737.429  14.5872 i
 482.51  769.163  14.6874 i
 482.51  800.898  14.8118 i
 482.51  832.633  14.9681 i
 482.51  864.367  15.1698 i
 482.51  896.102  15.4452 i
 482.51  927.837  15.8957 i
 482.51  959.571  18.1376 i
 482.51  991.306  14.4453 i
 482.51  1023.04  13.9706 i
 482.51  1054.78  13.0673 i
 482.51  1086.51  13.4488 i
 482.51  1118.24  13.3807 i
 482.51  1149.98  12.5789 i
 482.51  1181.71  10.1243 i
 482.51  1213.45  11.869 i
 482.51  1245.18  11.8499 i
 482.51  1276.92  11.767 i
 482.51  1308.65  10.704 i
 482.51  1340.39  7.07497 i
 482.51  1372.12  14.7104 i
 482.51  1403.86  16.5267 i
 482.51  1435.59  18.3766 i
 482.51  1467.33  15.6847 i
 482.51  1499.06  15.5076 i
 482.51  1530.8  15.7107 i
 482.51  1562.53  16.1619 i
 482.51  1594.27  16.6659 i
 482.51  1626  16.9893 i

# IsoCurve 13, 50 points
# x y z type
 469.469  71  14.0965 i
 469.469  102.735  14.1051 i
 469.469  134.469  14.1186 i
 469.469  166.204  14.1295 i
 469.469  197.939  14.1372 i
 469.469  229.673  14.143 i
 469.469  261.408  14.1482 i
 469.469  293.143  14.1536 i
 469.469  324.878  14.1596 i
 469.469  356.612  14.1668 i
 469.469  388.347  14.1756 i
 469.469  420.082  14.1864 i
 469.469  451.816  14.1996 i
 469.469  483.551  14.2157 i
 469.469  515.286  14.2355 i
 469.469  547.02  14.2597 i
 469.469  578.755  14.2891 i
 469.469  610.49  14.325 i
 469.469  642.224  14.3687 i
 469.469  673.959  14.422 i
 469.469  705.694  14.4871 i
 469.469  737.429  14.5669 i
 469.469  769.163  14.6649 i
 469.469  800.898  14.7861 i
 469.469  832.633  14.9376 i
 469.469  864.367  15.1315 i
 469.469  896.102  15.3956 i
 469.469  927.837  15.8364 i
 469.469  959.571  17.204 i
 469.469  991.306  11.7875 i
 469.469  1023.04  14.031 i
 469.469  1054.78  14.0578 i
 469.469  1086.51  13.1107 i
 469.469  1118.24  12.8583 i
 469.469  1149.98  12.2162 i
 469.469  1181.71  11.5539 i
 469.469  1213.45  11.3714 i
 469.469  1245.18  10.3573 i
 469.469  1276.92  10.7402 i
 469.469  1308.65  12.8193 i
 469.469  1340.39  12.7746 i
 469.469  1372.12  10.0818 i
 469.469  1403.86  16.3783 i
 469.469  1435.59  17.4323 i
 469.469  1467.33  14.9912 i
 469.469  1499.06  15.1099 i
 469.469  1530.8  15.2443 i
 469.469  1562.53  16.0259 i
 469.469  1594.27  16.7946 i
 469.469  1626  17.1902 i

# IsoCurve 14, 50 points
# x y z type
 456.429  71  14.0714 i
 456.429  102.735  14.086 i
 456.429  134.469  14.1068 i
 456.429  166.204  14.1211 i
 456.429  197.939  14.1299 i
 456.429  229.673  14.136 i
 456.429  261.408  14.141 i
 456.429  293.143  14.1459 i
 456.429  324.878  14.1515 i
 456.429  356.612  14.1581 i
 456.429  388.347  14.1663 i
 456.429  420.082  14.1763 i
 456.429  451.816  14.1887 i
 456.429  483.551  14.2041 i
 456.429  515.286  14.2229 i
 456.429  547.02  14.2461 i
 456.429  578.755  14.2744 i
 456.429  610.49  14.3091 i
 456.429  642.224  14.3516 i
 456.429  673.959  14.4035 i
 456.429  705.694  14.467 i
 456.429  737.429  14.5449 i
 456.429  769.163  14.6407 i
 456.429  800.898  14.759 i
 456.429  832.633  14.9064 i
 456.429  864.367  15.0942 i
 456.429  896.102  15.3486 i
 456.429  927.837  15.7652 i
 456.429  959.571  17.1858 i
 456.429  991.306  13.3504 i
 456.429  1023.04  14.0739 i
 456.429  1054.78  13.3825 i
 456.429  1086.51  13.1237 i
 456.429  1118.24  11.434 i
 456.429  1149.98  12.372 i
 456.429  1181.71  11.8335 i
 456.429  1213.45  6.13613 i
 456.429  1245.18  10.6815 i
 456.429  1276.92  10.1876 i
 456.429  1308.65  15.1629 i
 456.429  1340.39  12.0077 i
 456.429  1372.12  12.3717 i
 456.429  1403.86  16.9629 i
 456.429  1435.59  15.4204 i
 456.429  1467.33  13.857 i
 456.429  1499.06  14.3789 i
 456.429  1530.8  13.7148 i
 456.429  1562.53  15.8013 i
 456.429  1594.27  16.9362 i
 456.429  1626  17.4112 i

# IsoCurve 15, 50 points
# x y z type
 443.388  71  14.0316 i
 443.388  102.735  14.0596 i
 443.388  134.469  14.0934 i
 443.388  166.204  14.1125 i
 443.388  197.939  14.1227 i
 443.388  229.673  14.1289 i
 443.388  261.408  14.1336 i
 443.388  293.143  14.1382 i
 443.388  324.878  14.1432 i
 443.388  356.612  14.1492 i
 443.388  388.347  14.1567 i
 443.388  420.082  14.1659 i
 443.388  451.816  14.1775 i
 443.388  483.551  14.1919 i
 443.388  515.286  14.2098 i
 443.388  547.02  14.2318 i
 443.388  578.755  14.259 i
 443.388  610.49  14.2923 i
 443.388  642.224  14.3333 i
 443.388  673.959  14.3836 i
 443.388  705.694  14.4454 i
 443.388  737.429  14.5213 i
 443.388  769.163  14.6148 i
 443.388  800.898  14.7304 i
 443.388  832.633  14.8744 i
 443.388  864.367  15.0571 i
 443.388  896.102  15.302 i
 443.388  927.837  15.687 i
 443.388  959.571  16.7858 i
 443.388  991.306  13.1017 i
 443.388  1023.04  13.3731 i
 443.388  1054.78  13.3959 i
 443.388  1086.51  12.4299 i
 443.388  1118.24  11.8717 i
 443.388  1149.98  12.5806 i
 443.388  1181.71  11.5928 i
 443.388  1213.45  6.67223 i
 443.388  1245.18  12.3478 i
 443.388  1276.92  14.7184 i
 443.388  1308.65  14.2781 i
 443.388  1340.39  10.8331 i
 443.388  1372.12  10.2632 i
 443.388  1403.86  14.451 i
 443.388  1435.59  12.4833 i
 443.388  1467.33  10.5704 i
 443.388  1499.06  12.9386 i
 443.388  1530.8  11.2778 i
 443.388  1562.53  15.7846 i
 443.388  1594.27  17.0693 i
 443.388  1626  17.6476 i

# IsoCurve 16, 50 points
# x y z type
 430.347  71  13.9594 i
 430.347  102.735  14.0211 i
 430.347  134.469  14.0785 i
 430.347  166.204  14.1038 i
 430.347  197.939  14.1154 i
 430.347  229.673  14.1217 i
 430.347  261.408  14.1262 i
 430.347  293.143  14.1303 i
 430.347  324.878  14.1347 i
 430.347  356.612  14.1401 i
 430.347  388.347  14.1468 i
 430.347  420.082  14.1553 i
 430.347  451.816  14.1659 i
 430.347  483.551  14.1793 i
 430.347  515.286  14.1961 i
 430.347  547.02  14.2169 i
 430.347  578.755  14.2427 i
 430.347  610.49  14.2746 i
 430.347  642.224  14.3139 i
 430.347  673.959  14.3625 i
 430.347  705.694  14.4223 i
 430.347  737.429  14.4961 i
 430.347  769.163  14.5873 i
 430.347  800.898  14.7003 i
 430.347  832.633  14.8412 i
 430.347  864.367  15.0197 i
 430.347  896.102  15.2549 i
 430.347  927.837  15.6076 i
 430.347  959.571  16.5309 i
 430.347  991.306  14.8629 i
 430.347  1023.04  13.4568 i
 430.347  1054.78  13.1101 i
 430.347  1086.51  12.9156 i
 430.347  1118.24  12.8452 i
 430.347  1149.98  12.7413 i
 430.347  1181.71  10.8336 i
 430.347  1213.45  12.502 i
 430.347  1245.18  12.2596 i
 430.347  1276.92  13.7671 i
 430.347  1308.65  11.3662 i
 430.347  1340.39  9.87906 i
 430.347  1372.12  10.6192 i
 430.347  1403.86  11.2454 i
 430.347  1435.59  8.4665 i
 430.347  1467.33  9.25269 i
 430.347  1499.06  14.0698 i
 430.347  1530.8  14.5475 i
 430.347  1562.53  16.0245 i
 430.347  1594.27  17.1284 i
 430.347  1626  17.8922 i

# IsoCurve 17, 50 points
# x y z type
 417.306  71  13.799 i
 417.306  102.735  13.9634 i
 417.306  134.469  14.0628 i
 417.306  166.204  14.0953 i
 417.306  197.939  14.1082 i
 417.306  229.673  14.1146 i
 417.306  261.408  14.1187 i
 417.306  293.143  14.1223 i
 417.306  324.878  14.1261 i
 417.306  356.612  14.1308 i
 417.306  388.347  14.1367 i
 417.306  420.082  14.1443 i
 417.306  451.816  14.154 i
 417.306  483.551  14.1663 i
 417.306  515.286  14.1818 i
 417.306  547.02  14.2013 i
 417.306  578.755  14.2257 i
 417.306  610.49  14.2559 i
 417.306  642.224  14.2935 i
 417.306  673.959  14.3401 i
 417.306  705.694  14.3978 i
 417.306  737.429  14.4692 i
 417.306  769.163  14.558 i
 417.306  800.898  14.6684 i
 417.306  832.633  14.8066 i
 417.306  864.367  14.9814 i
 417.306  896.102  15.2068 i
 417.306  927.837  15.5254 i
 417.306  959.571  16.4752 i
 417.306  991.306  14.7211 i
 417.306  1023.04  13.757 i
 417.306  1054.78  11.8435 i
 417.306  1086.51  13.109 i
 417.306  1118.24  13.4355 i
 417.306  1149.98  13.1075 i
 417.306  1181.71  14.8786 i
 417.306  1213.45  9.91868 i
 417.306  1245.18  12.6769 i
 417.306  1276.92  9.77308 i
 417.306  1308.65  8.20228 i
 417.306  1340.39  7.29535 i
 417.306  1372.12  10.2454 i
 417.306  1403.86  7.30429 i
 417.306  1435.59  9.62448 i
 417.306  1467.33  12.4975 i
 417.306  1499.06  15.2208 i
 417.306  1530.8  13.6622 i
 417.306  1562.53  15.8505 i
 417.306  1594.27  16.9689 i
 417.306  1626  18.1437 i

# IsoCurve 18, 50 points
# x y z type
 404.265  71  13.315 i
 404.265  102.735  13.8834 i
 404.265  134.469  14.048 i
 404.265  166.204  14.0874 i
 404.265  197.939  14.1012 i
 404.265  229.673  14.1075 i
 404.265  261.408  14.1112 i
 404.265  293.143  14.1142 i
 404.265  324.878  14.1173 i
 404.265  356.612  14.1213 i
 404.265  388.347  14.1264 i
 404.265  420.082  14.133 i
 404.265  451.816  14.1417 i
 404.265  483.551  14.1529 i
 404.265  515.286  14.1671 i
 404.265  547.02  14.1852 i
 404.265  578.755  14.2079 i
 404.265  610.49  14.2364 i
 404.265  642.224  14.272 i
 404.265  673.959  14.3164 i
 404.265  705.694  14.3717 i
 404.265  737.429  14.4407 i
 404.265  769.163  14.5268 i
 404.265  800.898  14.6346 i
 404.265  832.633  14.7701 i
 404.265  864.367  14.9416 i
 404.265  896.102  15.1577 i
 404.265  927.837  15.4108 i
 404.265  959.571  16.4566 i
 404.265  991.306  14.8471 i
 404.265  1023.04  12.2783 i
 404.265  1054.78  13.3587 i
 404.265  1086.51  13.4933 i
 404.265  1118.24  16.0061 i
 404.265  1149.98  15.8317 i
 404.265  1181.71  13.0939 i
 404.265  1213.45  13.5691 i
 404.265  1245.18  10.5221 i
 404.265  1276.92  6.94119 i
 404.265  1308.65  8.75798 i
 404.265  1340.39  7.1678 i
 404.265  1372.12  8.87151 i
 404.265  1403.86  8.74457 i
 404.265  1435.59  12.0765 i
 404.265  1467.33  14.236 i
 404.265  1499.06  16.0693 i
 404.265  1530.8  1.1329 i
 404.265  1562.53  14.8644 i
 404.265  1594.27  16.3008 i
 404.265  1626  18.4269 i

# IsoCurve 19, 50 points
# x y z type
 391.224  71  11.2355 i
 391.224  102.735  13.809 i
 391.224  134.469  14.0369 i
 391.224  166.204  14.0804 i
 391.224  197.939  14.0945 i
 391.224  229.673  14.1004 i
 391.224  261.408  14.1036 i
 391.224  293.143  14.106 i
 391.224  324.878  14.1085 i
 391.224  356.612  14.1116 i
 391.224  388.347  14.1158 i
 391.224  420.082  14.1215 i
 391.224  451.816  14.1291 i
 391.224  483.551  14.139 i
 391.224  515.286  14.1519 i
 391.224  547.02  14.1684 i
 391.224  578.755  14.1894 i
 391.224  610.49  14.216 i
 391.224  642.224  14.2495 i
 391.224  673.959  14.2915 i
 391.224  705.694  14.3443 i
 391.224  737.429  14.4104 i
 391.224  769.163  14.4936 i
 391.224  800.898  14.5986 i
 391.224  832.633  14.7314 i
 391.224  864.367  14.8997 i
 391.224  896.102  15.1096 i
 391.224  927.837  14.9176 i
 391.224  959.571  16.1685 i
 391.224  991.306  14.7294 i
 391.224  1023.04  14.5849 i
 391.224  1054.78  14.1971 i
 391.224  1086.51  14.1635 i
 391.224  1118.24  16.134 i
 391.224  1149.98  11.1386 i
 391.224  1181.71  10.3822 i
 391.224  1213.45  7.31532 i
 391.224  1245.18  9.52005 i
 391.224  1276.92  8.67674 i
 391.224  1308.65  8.7591 i
 391.224  1340.39  8.99092 i
 391.224  1372.12  8.26104 i
 391.224  1403.86  11.6243 i
 391.224  1435.59  13.3737 i
 391.224  1467.33  15.2384 i
 391.224  1499.06  17.0596 i
 391.224  1530.8  15.7162 i
 391.224  1562.53  12.5263 i
 391.224  1594.27  14.6593 i
 391.224  1626  18.8279 i

# IsoCurve 20, 50 points
# x y z type
 378.184  71  11.3991 i
 378.184  102.735  13.8071 i
 378.184  134.469  14.0317 i
 378.184  166.204  14.0745 i
 378.184  197.939  14.088 i
 378.184  229.673  14.0934 i
 378.184  261.408  14.096 i
 378.184  293.143  14.0977 i
 378.184  324.878  14.0995 i
 378.184  356.612  14.1018 i
 378.184  388.347  14.1051 i
 378.184  420.082  14.1097 i
 378.184  451.816  14.1162 i
 378.184  483.551  14.1248 i
 378.184  515.286  14.1362 i
 378.184  547.02  14.1511 i
 378.184  578.755  14.1703 i
 378.184  610.49  14.1948 i
 378.184  642.224  14.2259 i
 378.184  673.959  14.2654 i
 378.184  705.694  14.3153 i
 378.184  737.429  14.3784 i
 378.184  769.163  14.4584 i
 378.184  800.898  14.5601 i
 378.184  832.633  14.69 i
 378.184  864.367  14.8544 i
 378.184  896.102  15.0603 i
 378.184  927.837  15.196 i
 378.184  959.571  15.9376 i
 378.184  991.306  15.0479 i
 378.184  1023.04  15.3301 i
 378.184  1054.78  14.6267 i
 378.184  1086.51  13.7929 i
 378.184  1118.24  13.5911 i
 378.184  1149.98  10.6465 i
 378.184  1181.71  7.60427 i
 378.184  1213.45  9.18059 i
 378.184  1245.18  9.79739 i
 378.184  1276.92  8.86532 i
 378.184  1308.65  8.04704 i
 378.184  1340.39  9.93799 i
 378.184  1372.12  9.83455 i
 378.184  1403.86  12.6841 i
 378.184  1435.59  14.274 i
 378.184  1467.33  16.0168 i
 378.184  1499.06  18.1129 i
 378.184  1530.8  21.4932 i
 378.184  1562.53  10.0659 i
 378.184  1594.27  12.5638 i
 378.184  1626  19.5245 i

# IsoCurve 21, 50 points
# x y z type
 365.143  71  13.347 i
 365.143  102.735  13.8743 i
 365.143  134.469  14.0324 i
 365.143  166.204  14.0698 i
 365.143  197.939  14.0819 i
 365.143  229.673  14.0865 i
 365.143  261.408  14.0884 i
 365.143  293.143  14.0894 i
 365.143  324.878  14.0903 i
 365.143  356.612  14.0918 i
 365.143  388.347  14.0942 i
 365.143  420.082  14.0978 i
 365.143  451.816  14.103 i
 365.143  483.551  14.1103 i
 365.143  515.286  14.1201 i
 365.143  547.02  14.1333 i
 365.143  578.755  14.1505 i
 365.143  610.49  14.1727 i
 365.143  642.224  14.2014 i
 365.143  673.959  14.238 i
 365.143  705.694  14.2848 i
 365.143  737.429  14.3446 i
 365.143  769.163  14.421 i
 365.143  800.898  14.5191 i
 365.143  832.633  14.6456 i
 365.143  864.367  14.8051 i
 365.143  896.102  14.9623 i
 365.143  927.837  15.0768 i
 365.143  959.571  16.1931 i
 365.143  991.306  15.1674 i
 365.143  1023.04  14.2718 i
 365.143  1054.78  17.5206 i
 365.143  1086.51  12.1407 i
 365.143  1118.24  3.38806 i
 365.143  1149.98  9.09835 i
 365.143  1181.71  9.45387 i
 365.143  1213.45  10.6173 i
 365.143  1245.18  9.11287 i
 365.143  1276.92  7.26122 i
 365.143  1308.65  8.87715 i
 365.143  1340.39  8.73621 i
 365.143  1372.12  11.5434 i
 365.143  1403.86  13.5313 i
 365.143  1435.59  14.9995 i
 365.143  1467.33  16.6756 i
 365.143  1499.06  19.0236 i
 365.143  1530.8  23.3436 i
 365.143  1562.53  32.1232 i
 365.143  1594.27  11.435 i
 365.143  1626  20.7433 i

# IsoCurve 22, 50 points
# x y z type
 352.102  71  13.7915 i
 352.102  102.735  13.9434 i
 352.102  134.469  14.0365 i
 352.102  166.204  14.0659 i
 352.102  197.939  14.076 i
 352.102  229.673  14.0796 i
 352.102  261.408  14.0807 i
 352.102  293.143  14.081 i
 352.102  324.878  14.0812 i
 352.102  356.612  14.0817 i
 352.102  388.347  14.0831 i
 352.102  420.082  14.0856 i
 352.102  451.816  14.0895 i
 352.102  483.551  14.0954 i
 352.102  515.286  14.1036 i
 352.102  547.02  14.1149 i
 352.102  578.755  14.13 i
 352.102  610.49  14.1499 i
 352.102  642.224  14.1759 i
 352.102  673.959  14.2095 i
 352.102  705.694  14.2529 i
 352.102  737.429  14.309 i
 352.102  769.163  14.3814 i
 352.102  800.898  14.4753 i
 352.102  832.633  14.5977 i
 352.102  864.367  14.754 i
 352.102  896.102  14.5779 i
 352.102  927.837  15.127 i
 352.102  959.571  16.6537 i
 352.102  991.306  14.9834 i
 352.102  1023.04  14.2154 i
 352.102  1054.78  16.1417 i
 352.102  1086.51  7.05204 i
 352.102  1118.24  8.86162 i
 352.102  1149.98  10.5845 i
 352.102  1181.71  10.9849 i
 352.102  1213.45  10.8193 i
 352.102  1245.18  9.26343 i
 352.102  1276.92  6.22735 i
 352.102  1308.65  8.12727 i
 352.102  1340.39  11.1016 i
 352.102  1372.12  12.8886 i
 352.102  1403.86  14.3207 i
 352.102  1435.59  15.6487 i
 352.102  1467.33  17.2341 i
 352.102  1499.06  19.6823 i
 352.102  1530.8  24.3263 i
 352.102  1562.53  32.9593 i
 352.102  1594.27  19.9036 i
 352.102  1626  22.2295 i

# IsoCurve 23, 50 points
# x y z type
 339.061  71  13.9341 i
 339.061  102.735  13.9896 i
 339.061  134.469  14.0413 i
 339.061  166.204  14.0626 i
 339.061  197.939  14.0704 i
 339.061  229.673  14.0728 i
 339.061  261.408  14.0731 i
 339.061  293.143  14.0725 i
 339.061  324.878  14.0719 i
 339.061  356.612  14.0715 i
 339.061  388.347  14.0719 i
 339.061  420.082  14.0732 i
 339.061  451.816  14.0758 i
 339.061  483.551  14.0802 i
 339.061  515.286  14.0868 i
 339.061  547.02  14.0961 i
 339.061  578.755  14.109 i
 339.061  610.49  14.1264 i
 339.061  642.224  14.1494 i
 339.061  673.959  14.1798 i
 339.061  705.694  14.2196 i
 339.061  737.429  14.2715 i
 339.061  769.163  14.3394 i
 339.061  800.898  14.4284 i
 339.061  832.633  14.5461 i
 339.061  864.367  14.7016 i
 339.061  896.102  14.9123 i
 339.061  927.837  15.2454 i
 339.061  959.571  16.7424 i
 339.061  991.306  14.907 i
 339.061  1023.04  13.6291 i
 339.061  1054.78  9.16971 i
 339.061  1086.51  10.9244 i
 339.061  1118.24  10.5006 i
 339.061  1149.98  11.4758 i
 339.061  1181.71  11.3822 i
 339.061  1213.45  10.1483 i
 339.061  1245.18  9.50935 i
 339.061  1276.92  5.93974 i
 339.061  1308.65  10.3126 i
 339.061  1340.39  12.6588 i
 339.061  1372.12  13.9582 i
 339.061  1403.86  15.0813 i
 339.061  1435.59  16.2703 i
 339.061  1467.33  17.6831 i
 339.061  1499.06  20.0218 i
 339.061  1530.8  24.3993 i
 339.061  1562.53  32.1259 i
 339.061  1594.27  21.0669 i
 339.061  1626  23.4101 i

# IsoCurve 24, 50 points
# x y z type
 326.02  71  13.9936 i
 326.02  102.735  14.0167 i
 326.02  134.469  14.0451 i
 326.02  166.204  14.0594 i
 326.02  197.939  14.0648 i
 326.02  229.673  14.0661 i
 326.02  261.408  14.0655 i
 326.02  293.143  14.0641 i
 326.02  324.878  14.0626 i
 326.02  356.612  14.0613 i
 326.02  388.347  14.0606 i
 326.02  420.082  14.0607 i
 326.02  451.816  14.062 i
 326.02  483.551  14.0648 i
 326.02  515.286  14.0696 i
 326.02  547.02  14.0769 i
 326.02  578.755  14.0875 i
 326.02  610.49  14.1022 i
 326.02  642.224  14.1222 i
 326.02  673.959  14.149 i
 326.02  705.694  14.1848 i
 326.02  737.429  14.2322 i
 326.02  769.163  14.2951 i
 326.02  800.898  14.3786 i
 326.02  832.633  14.4902 i
 326.02  864.367  14.6423 i
 326.02  896.102  14.8664 i
 326.02  927.837  15.242 i
 326.02  959.571  16.222 i
 326.02  991.306  13.8652 i
 326.02  1023.04  11.254 i
 326.02  1054.78  5.26042 i
 326.02  1086.51  10.4239 i
 326.02  1118.24  11.401 i
 326.02  1149.98  11.7733 i
 326.02  1181.71  11.3144 i
 326.02  1213.45  9.67216 i
 326.02  1245.18  9.23768 i
 326.02  1276.92  6.70618 i
 326.02  1308.65  11.8513 i
 326.02  1340.39  13.8819 i
 326.02  1372.12  14.9738 i
 326.02  1403.86  15.802 i
 326.02  1435.59  16.901 i
 326.02  1467.33  17.9809 i
 326.02  1499.06  19.8141 i
 326.02  1530.8  24.2473 i
 326.02  1562.53  29.4525 i
 326.02  1594.27  28.6445 i
 326.02  1626  24.857 i

# IsoCurve 25, 50 points
# x y z type
 312.98  71  14.0221 i
 312.98  102.735  14.032 i
 312.98  134.469  14.0473 i
 312.98  166.204  14.0561 i
 312.98  197.939  14.0593 i
 312.98  229.673  14.0594 i
 312.98  261.408  14.0578 i
 312.98  293.143  14.0556 i
 312.98  324.878  14.0532 i
 312.98  356.612  14.0509 i
 312.98  388.347  14.0491 i
 312.98  420.082  14.048 i
 312.98  451.816  14.0479 i
 312.98  483.551  14.0491 i
 312.98  515.286  14.0521 i
 312.98  547.02  14.0573 i
 312.98  578.755  14.0654 i
 312.98  610.49  14.0773 i
 312.98  642.224  14.0941 i
 312.98  673.959  14.1172 i
 312.98  705.694  14.1487 i
 312.98  737.429  14.1912 i
 312.98  769.163  14.2485 i
 312.98  800.898  14.3256 i
 312.98  832.633  14.4299 i
 312.98  864.367  14.5738 i
 312.98  896.102  14.7875 i
 312.98  927.837  15.1428 i
 312.98  959.571  16.3842 i
 312.98  991.306  13.4965 i
 312.98  1023.04  11.2715 i
 312.98  1054.78  9.46574 i
 312.98  1086.51  11.5127 i
 312.98  1118.24  11.9451 i
 312.98  1149.98  11.7314 i
 312.98  1181.71  10.772 i
 312.98  1213.45  9.82037 i
 312.98  1245.18  7.74778 i
 312.98  1276.92  10.2114 i
 312.98  1308.65  13.3196 i
 312.98  1340.39  15.2484 i
 312.98  1372.12  16.0672 i
 312.98  1403.86  16.3012 i
 312.98  1435.59  17.5865 i
 312.98  1467.33  17.9608 i
 312.98  1499.06  17.1064 i
 312.98  1530.8  23.9776 i
 312.98  1562.53  25.651 i
 312.98  1594.27  30.2774 i
 312.98  1626  26.0994 i

# IsoCurve 26, 50 points
# x y z type
 299.939  71  14.0368 i
 299.939  102.735  14.0403 i
 299.939  134.469  14.0479 i
 299.939  166.204  14.0527 i
 299.939  197.939  14.0538 i
 299.939  229.673  14.0527 i
 299.939  261.408  14.0502 i
 299.939  293.143  14.0471 i
 299.939  324.878  14.0438 i
 299.939  356.612  14.0406 i
 299.939  388.347  14.0376 i
 299.939  420.082  14.0353 i
 299.939  451.816  14.0337 i
 299.939  483.551  14.0333 i
 299.939  515.286  14.0344 i
 299.939  547.02  14.0374 i
 299.939  578.755  14.043 i
 299.939  610.49  14.0519 i
 299.939  642.224  14.0652 i
 299.939  673.959  14.0844 i
 299.939  705.694  14.1113 i
 299.939  737.429  14.1485 i
 299.939  769.163  14.1997 i
 299.939  800.898  14.2696 i
 299.939  832.633  14.3653 i
 299.939  864.367  14.4969 i
 299.939  896.102  14.6892 i
 299.939  927.837  15.0114 i
 299.939  959.571  16.3702 i
 299.939  991.306  13.7266 i
 299.939  1023.04  7.7396 i
 299.939  1054.78  11.2423 i
 299.939  1086.51  12.04 i
 299.939  1118.24  11.9934 i
 299.939  1149.98  11.1731 i
 299.939  1181.71  8.14157 i
 299.939  1213.45  8.69281 i
 299.939  1245.18  8.77848 i
 299.939  1276.92  11.8253 i
 299.939  1308.65  13.5018 i
 299.939  1340.39  17.0387 i
 299.939  1372.12  17.5438 i
 299.939  1403.86  15.7738 i
 299.939  1435.59  18.9499 i
 299.939  1467.33  18.1121 i
 299.939  1499.06  11.7007 i
 299.939  1530.8  23.7527 i
 299.939  1562.53  26.5124 i
 299.939  1594.27  33.662 i
 299.939  1626  26.7907 i

# IsoCurve 27, 50 points
# x y z type
 286.898  71  14.0442 i
 286.898  102.735  14.0443 i
 286.898  134.469  14.0472 i
 286.898  166.204  14.0489 i
 286.898  197.939  14.0483 i
 286.898  229.673  14.046 i
 286.898  261.408  14.0426 i
 286.898  293.143  14.0386 i
 286.898  324.878  14.0344 i
 286.898  356.612  14.0301 i
 286.898  388.347  14.0261 i
 286.898  420.082  14.0225 i
 286.898  451.816  14.0194 i
 286.898  483.551  14.0173 i
 286.898  515.286  14.0165 i
 286.898  547.02  14.0172 i
 286.898  578.755  14.0202 i
 286.898  610.49  14.026 i
 286.898  642.224  14.0358 i
 286.898  673.959  14.0507 i
 286.898  705.694  14.0727 i
 286.898  737.429  14.1042 i
 286.898  769.163  14.1487 i
 286.898  800.898  14.2109 i
 286.898  832.633  14.2968 i
 286.898  864.367  14.4129 i
 286.898  896.102  14.5681 i
 286.898  927.837  14.8567 i
 286.898  959.571  15.429 i
 286.898  991.306  13.1393 i
 286.898  1023.04  5.8172 i
 286.898  1054.78  12.0337 i
 286.898  1086.51  12.2394 i
 286.898  1118.24  11.8325 i
 286.898  1149.98  9.08697 i
 286.898  1181.71  10.1965 i
 286.898  1213.45  7.81767 i
 286.898  1245.18  7.75321 i
 286.898  1276.92  11.5854 i
 286.898  1308.65  14.2173 i
 286.898  1340.39  19.6836 i
 286.898  1372.12  23.1992 i
 286.898  1403.86  10.7648 i
 286.898  1435.59  22.6923 i
 286.898  1467.33  20.7726 i
 286.898  1499.06  20.0771 i
 286.898  1530.8  23.7569 i
 286.898  1562.53  27.8081 i
 286.898  1594.27  31.95 i
 286.898  1626  27.313 i

# IsoCurve 28, 50 points
# x y z type
 273.857  71  14.0477 i
 273.857  102.735  14.0456 i
 273.857  134.469  14.0455 i
 273.857  166.204  14.0448 i
 273.857  197.939  14.0427 i
 273.857  229.673  14.0393 i
 273.857  261.408  14.035 i
 273.857  293.143  14.0302 i
 273.857  324.878  14.025 i
 273.857  356.612  14.0197 i
 273.857  388.347  14.0145 i
 273.857  420.082  14.0096 i
 273.857  451.816  14.0051 i
 273.857  483.551  14.0013 i
 273.857  515.286  13.9984 i
 273.857  547.02  13.9968 i
 273.857  578.755  13.997 i
 273.857  610.49  13.9997 i
 273.857  642.224  14.0057 i
 273.857  673.959  14.0162 i
 273.857  705.694  14.033 i
 273.857  737.429  14.0585 i
 273.857  769.163  14.0958 i
 273.857  800.898  14.1495 i
 273.857  832.633  14.2251 i
 273.857  864.367  14.3246 i
 273.857  896.102  14.3665 i
 273.857  927.837  14.6315 i
 273.857  959.571  15.4772 i
 273.857  991.306  9.87994 i
 273.857  1023.04  11.2745 i
 273.857  1054.78  12.3665 i
 273.857  1086.51  12.257 i
 273.857  1118.24  11.4132 i
 273.857  1149.98  9.59608 i
 273.857  1181.71  7.95785 i
 273.857  1213.45  6.23535 i
 273.857  1245.18  12.4778 i
 273.857  1276.92  18.4032 i
 273.857  1308.65  27.6377 i
 273.857  1340.39  26.227 i
 273.857  1372.12  28.7597 i
 273.857  1403.86  28.8903 i
 273.857  1435.59  22.8548 i
 273.857  1467.33  20.8394 i
 273.857  1499.06  22.0797 i
 273.857  1530.8  24.1367 i
 273.857  1562.53  26.5883 i
 273.857  1594.27  28.9665 i
 273.857  1626  33.1178 i

# IsoCurve 29, 50 points
# x y z type
 260.816  71  14.0487 i
 260.816  102.735  14.0452 i
 260.816  134.469  14.043 i
 260.816  166.204  14.0405 i
 260.816  197.939  14.0371 i
 260.816  229.673  14.0327 i
 260.816  261.408  14.0275 i
 260.816  293.143  14.0217 i
 260.816  324.878  14.0156 i
 260.816  356.612  14.0093 i
 260.816  388.347  14.003 i
 260.816  420.082  13.9967 i
 260.816  451.816  13.9907 i
 260.816  483.551  13.9851 i
 260.816  515.286  13.9802 i
 260.816  547.02  13.9763 i
 260.816  578.755  13.9737 i
 260.816  610.49  13.9731 i
 260.816  642.224  13.9752 i
 260.816  673.959  13.9811 i
 260.816  705.694  13.9924 i
 260.816  737.429  14.0114 i
 260.816  769.163  14.0411 i
 260.816  800.898  14.0858 i
 260.816  832.633  14.1508 i
 260.816  864.367  14.2363 i
 260.816  896.102  13.8703 i
 260.816  927.837  14.511 i
 260.816  959.571  15.2821 i
 260.816  991.306  13.1918 i
 260.816  1023.04  11.7617 i
 260.816  1054.78  12.4875 i
 260.816  1086.51  12.1222 i
 260.816  1118.24  10.642 i
 260.816  1149.98  7.81869 i
 260.816  1181.71  7.20532 i
 260.816  1213.45  9.76138 i
 260.816  1245.18  21.2222 i
 260.816  1276.92  32.17 i
 260.816  1308.65  26.5505 i
 260.816  1340.39  21.843 i
 260.816  1372.12  23.0888 i
 260.816  1403.86  25.5126 i
 260.816  1435.59  22.9637 i
 260.816  1467.33  21.1956 i
 260.816  1499.06  23.2987 i
 260.816  1530.8  24.7697 i
 260.816  1562.53  24.6855 i
 260.816  1594.27  28.0572 i
 260.816  1626  26.1767 i

# IsoCurve 30, 50 points
# x y z type
 247.776  71  14.0482 i
 247.776  102.735  14.0436 i
 247.776  134.469  14.0399 i
 247.776  166.204  14.036 i
 247.776  197.939  14.0314 i
 247.776  229.673  14.026 i
 247.776  261.408  14.02 i
 247.776  293.143  14.0133 i
 247.776  324.878  14.0063 i
 247.776  356.612  13.999 i
 247.776  388.347  13.9914 i
 247.776  420.082  13.9839 i
 247.776  451.816  13.9763 i
 247.776  483.551  13.969 i
 247.776  515.286  13.962 i
 247.776  547.02  13.9556 i
 247.776  578.755  13.9502 i
 247.776  610.49  13.9462 i
 247.776  642.224  13.9443 i
 247.776  673.959  13.9454 i
 247.776  705.694  13.951 i
 247.776  737.429  13.9631 i
 247.776  769.163  13.9847 i
 247.776  800.898  14.0199 i
 247.776  832.633  14.0742 i
 247.776  864.367  14.1504 i
 247.776  896.102  14.2075 i
 247.776  927.837  13.7686 i
 247.776  959.571  15.809 i
 247.776  991.306  13.1093 i
 247.776  1023.04  12.459 i
 247.776  1054.78  12.4464 i
 247.776  1086.51  11.759 i
 247.776  1118.24  10.3168 i
 247.776  1149.98  7.3903 i
 247.776  1181.71  10.0719 i
 247.776  1213.45  21.4103 i
 247.776  1245.18  22.322 i
 247.776  1276.92  27.8905 i
 247.776  1308.65  24.1877 i
 247.776  1340.39  22.7884 i
 247.776  1372.12  25.0646 i
 247.776  1403.86  25.9987 i
 247.776  1435.59  33.1191 i
 247.776  1467.33  21.6773 i
 247.776  1499.06  27.0912 i
 247.776  1530.8  28.3572 i
 247.776  1562.53  25.8557 i
 247.776  1594.27  28.8776 i
 247.776  1626  24.7421 i

# IsoCurve 31, 50 points
# x y z type
 234.735  71  14.0467 i
 234.735  102.735  14.0412 i
 234.735  134.469  14.0363 i
 234.735  166.204  14.0313 i
 234.735  197.939  14.0257 i
 234.735  229.673  14.0194 i
 234.735  261.408  14.0125 i
 234.735  293.143  14.005 i
 234.735  324.878  13.997 i
 234.735  356.612  13.9887 i
 234.735  388.347  13.98 i
 234.735  420.082  13.9711 i
 234.735  451.816  13.962 i
 234.735  483.551  13.9529 i
 234.735  515.286  13.9438 i
 234.735  547.02  13.935 i
 234.735  578.755  13.9266 i
 234.735  610.49  13.9192 i
 234.735  642.224  13.9132 i
 234.735  673.959  13.9093 i
 234.735  705.694  13.909 i
 234.735  737.429  13.9139 i
 234.735  769.163  13.9269 i
 234.735  800.898  13.9521 i
 234.735  832.633  13.9953 i
 234.735  864.367  14.0636 i
 234.735  896.102  14.1643 i
 234.735  927.837  14.3304 i
 234.735  959.571  14.7162 i
 234.735  991.306  13.5971 i
 234.735  1023.04  12.7954 i
 234.735  1054.78  12.2409 i
 234.735  1086.51  8.52105 i
 234.735  1118.24  10.6007 i
 234.735  1149.98  7.98155 i
 234.735  1181.71  25.3878 i
 234.735  1213.45  20.5738 i
 234.735  1245.18  23.1969 i
 234.735  1276.92  26.7501 i
 234.735  1308.65  25.9667 i
 234.735  1340.39  24.034 i
 234.735  1372.12  29.4581 i
 234.735  1403.86  28.7217 i
 234.735  1435.59  23.9876 i
 234.735  1467.33  22.0683 i
 234.735  1499.06  26.3109 i
 234.735  1530.8  26.8954 i
 234.735  1562.53  24.5197 i
 234.735  1594.27  25.437 i
 234.735  1626  23.6542 i

# IsoCurve 32, 50 points
# x y z type
 221.694  71  14.0446 i
 221.694  102.735  14.0384 i
 221.694  134.469  14.0325 i
 221.694  166.204  14.0265 i
 221.694  197.939  14.02 i
 221.694  229.673  14.0129 i
 221.694  261.408  14.0051 i
 221.694  293.143  13.9967 i
 221.694  324.878  13.9878 i
 221.694  356.612  13.9784 i
 221.694  388.347  13.9686 i
 221.694  420.082  13.9584 i
 221.694  451.816  13.9478 i
 221.694  483.551  13.9368 i
 221.694  515.286  13.9257 i
 221.694  547.02  13.9144 i
 221.694  578.755  13.9031 i
 221.694  610.49  13.8921 i
 221.694  642.224  13.8819 i
 221.694  673.959  13.873 i
 221.694  705.694  13.8665 i
 221.694  737.429  13.864 i
 221.694  769.163  13.8679 i
 221.694  800.898  13.8824 i
 221.694  832.633  13.9138 i
 221.694  864.367  13.9727 i
 221.694  896.102  14.0796 i
 221.694  927.837  14.2847 i
 221.694  959.571  14.6142 i
 221.694  991.306  13.8391 i
 221.694  1023.04  12.8354 i
 221.694  1054.78  11.8194 i
 221.694  1086.51  10.5042 i
 221.694  1118.24  9.55933 i
 221.694  1149.98  2.80272 i
 221.694  1181.71  18.7279 i
 221.694  1213.45  15.611 i
 221.694  1245.18  28.7965 i
 221.694  1276.92  26.787 i
 221.694  1308.65  26.305 i
 221.694  1340.39  23.5302 i
 221.694  1372.12  24.7584 i
 221.694  1403.86  24.7992 i
 221.694  1435.59  23.2452 i
 221.694  1467.33  22.2919 i
 221.694  1499.06  23.0827 i
 221.694  1530.8  23.2532 i
 221.694  1562.53  23.2493 i
 221.694  1594.27  23.6217 i
 221.694  1626  22.7093 i

# IsoCurve 33, 50 points
# x y z type
 208.653  71  14.0419 i
 208.653  102.735  14.0351 i
 208.653  134.469  14.0284 i
 208.653  166.204  14.0216 i
 208.653  197.939  14.0143 i
 208.653  229.673  14.0063 i
 208.653  261.408  13.9978 i
 208.653  293.143  13.9885 i
 208.653  324.878  13.9787 i
 208.653  356.612  13.9683 i
 208.653  388.347  13.9573 i
 208.653  420.082  13.9458 i
 208.653  451.816  13.9336 i
 208.653  483.551  13.9209 i
 208.653  515.286  13.9077 i
 208.653  547.02  13.8939 i
 208.653  578.755  13.8797 i
 208.653  610.49  13.8652 i
 208.653  642.224  13.8507 i
 208.653  673.959  13.8366 i
 208.653  705.694  13.8238 i
 208.653  737.429  13.8135 i
 208.653  769.163  13.808 i
 208.653  800.898  13.8111 i
 208.653  832.633  13.8296 i
 208.653  864.367  13.8762 i
 208.653  896.102  13.9779 i
 208.653  927.837  14.1931 i
 208.653  959.571  14.4826 i
 208.653  991.306  13.7988 i
 208.653  1023.04  12.5721 i
 208.653  1054.78  9.59097 i
 208.653  1086.51  10.3296 i
 208.653  1118.24  8.97841 i
 208.653  1149.98  9.56884 i
 208.653  1181.71  30.1711 i
 208.653  1213.45  26.8508 i
 208.653  1245.18  22.0476 i
 208.653  1276.92  23.4647 i
 208.653  1308.65  14.5456 i
 208.653  1340.39  26.6297 i
 208.653  1372.12  23.9582 i
 208.653  1403.86  24.385 i
 208.653  1435.59  24.9889 i
 208.653  1467.33  22.5271 i
 208.653  1499.06  22.4047 i
 208.653  1530.8  22.9971 i
 208.653  1562.53  22.8316 i
 208.653  1594.27  22.5211 i
 208.653  1626  21.9124 i

# IsoCurve 34, 50 points
# x y z type
 195.612  71  14.039 i
 195.612  102.735  14.0316 i
 195.612  134.469  14.0242 i
 195.612  166.204  14.0166 i
 195.612  197.939  14.0085 i
 195.612  229.673  13.9999 i
 195.612  261.408  13.9905 i
 195.612  293.143  13.9805 i
 195.612  324.878  13.9698 i
 195.612  356.612  13.9584 i
 195.612  388.347  13.9462 i
 195.612  420.082  13.9333 i
 195.612  451.816  13.9197 i
 195.612  483.551  13.9052 i
 195.612  515.286  13.8899 i
 195.612  547.02  13.8736 i
 195.612  578.755  13.8565 i
 195.612  610.49  13.8384 i
 195.612  642.224  13.8196 i
 195.612  673.959  13.8003 i
 195.612  705.694  13.781 i
 195.612  737.429  13.7628 i
 195.612  769.163  13.7474 i
 195.612  800.898  13.7385 i
 195.612  832.633  13.7428 i
 195.612  864.367  13.774 i
 195.612  896.102  13.8627 i
 195.612  927.837  14.0847 i
 195.612  959.571  14.6832 i
 195.612  991.306  13.6201 i
 195.612  1023.04  11.9794 i
 195.612  1054.78  11.2207 i
 195.612  1086.51  10.3771 i
 195.612  1118.24  8.96777 i
 195.612  1149.98  10.9391 i
 195.612  1181.71  27.9373 i
 195.612  1213.45  25.9462 i
 195.612  1245.18  25.8011 i
 195.612  1276.92  27.1043 i
 195.612  1308.65  26.6118 i
 195.612  1340.39  24.9671 i
 195.612  1372.12  24.1041 i
 195.612  1403.86  25.5878 i
 195.612  1435.59  25.1312 i
 195.612  1467.33  23.5284 i
 195.612  1499.06  22.6404 i
 195.612  1530.8  26.4178 i
 195.612  1562.53  22.1217 i
 195.612  1594.27  21.7238 i
 195.612  1626  21.2469 i

# IsoCurve 35, 50 points
# x y z type
 182.571  71  14.0358 i
 182.571  102.735  14.0279 i
 182.571  134.469  14.02 i
 182.571  166.204  14.0117 i
 182.571  197.939  14.0029 i
 182.571  229.673  13.9935 i
 182.571  261.408  13.9834 i
 182.571  293.143  13.9725 i
 182.571  324.878  13.9609 i
 182.571  356.612  13.9485 i
 182.571  388.347  13.9353 i
 182.571  420.082  13.9211 i
 182.571  451.816  13.9059 i
 182.571  483.551  13.8897 i
 182.571  515.286  13.8723 i
 182.571  547.02  13.8536 i
 182.571  578.755  13.8335 i
 182.571  610.49  13.812 i
 182.571  642.224  13.7889 i
 182.571  673.959  13.7643 i
 182.571  705.694  13.7385 i
 182.571  737.429  13.7121 i
 182.571  769.163  13.6866 i
 182.571  800.898  13.6649 i
 182.571  832.633  13.6536 i
 182.571  864.367  13.6661 i
 182.571  896.102  13.7344 i
 182.571  927.837  13.9475 i
 182.571  959.571  14.6757 i
 182.571  991.306  13.2267 i
 182.571  1023.04  9.34793 i
 182.571  1054.78  11.021 i
 182.571  1086.51  8.79819 i
 182.571  1118.24  7.27019 i
 182.571  1149.98  13.0335 i
 182.571  1181.71  22.2956 i
 182.571  1213.45  25.6448 i
 182.571  1245.18  30.8704 i
 182.571  1276.92  27.8167 i
 182.571  1308.65  26.3383 i
 182.571  1340.39  25.2351 i
 182.571  1372.12  26.0488 i
 182.571  1403.86  27.4665 i
 182.571  1435.59  25.9238 i
 182.571  1467.33  25.4048 i
 182.571  1499.06  23.4155 i
 182.571  1530.8  24.0452 i
 182.571  1562.53  21.5129 i
 182.571  1594.27  21.0925 i
 182.571  1626  20.6864 i

# IsoCurve 36, 50 points
# x y z type
 169.531  71  14.0325 i
 169.531  102.735  14.0242 i
 169.531  134.469  14.0156 i
 169.531  166.204  14.0067 i
 169.531  197.939  13.9973 i
 169.531  229.673  13.9872 i
 169.531  261.408  13.9763 i
 169.531  293.143  13.9647 i
 169.531  324.878  13.9523 i
 169.531  356.612  13.9389 i
 169.531  388.347  13.9245 i
 169.531  420.082  13.9091 i
 169.531  451.816  13.8925 i
 169.531  483.551  13.8745 i
 169.531  515.286  13.8551 i
 169.531  547.02  13.834 i
 169.531  578.755  13.811 i
 169.531  610.49  13.786 i
 169.531  642.224  13.7586 i
 169.531  673.959  13.7288 i
 169.531  705.694  13.6964 i
 169.531  737.429  13.6618 i
 169.531  769.163  13.6259 i
 169.531  800.898  13.5909 i
 169.531  832.633  13.5626 i
 169.531  864.367  13.5535 i
 169.531  896.102  13.5937 i
 169.531  927.837  13.7689 i
 169.531  959.571  14.5267 i
 169.531  991.306  12.0767 i
 169.531  1023.04  11.4963 i
 169.531  1054.78  10.2611 i
 169.531  1086.51  7.45759 i
 169.531  1118.24  8.58644 i
 169.531  1149.98  12.6962 i
 169.531  1181.71  18.7343 i
 169.531  1213.45  21.2491 i
 169.531  1245.18  23.4248 i
 169.531  1276.92  25.9372 i
 169.531  1308.65  30.0469 i
 169.531  1340.39  30.4377 i
 169.531  1372.12  28.8812 i
 169.531  1403.86  29.9055 i
 169.531  1435.59  28.2597 i
 169.531  1467.33  27.6478 i
 169.531  1499.06  24.9962 i
 169.531  1530.8  22.8072 i
 169.531  1562.53  21.0363 i
 169.531  1594.27  20.5684 i
 169.531  1626  20.2072 i

# IsoCurve 37, 50 points
# x y z type
 156.49  71  14.0291 i
 156.49  102.735  14.0203 i
 156.49  134.469  14.0113 i
 156.49  166.204  14.0018 i
 156.49  197.939  13.9917 i
 156.49  229.673  13.981 i
 156.49  261.408  13.9695 i
 156.49  293.143  13.9571 i
 156.49  324.878  13.9438 i
 156.49  356.612  13.9295 i
 156.49  388.347  13.914 i
 156.49  420.082  13.8973 i
 156.49  451.816  13.8793 i
 156.49  483.551  13.8596 i
 156.49  515.286  13.8382 i
 156.49  547.02  13.8148 i
 156.49  578.755  13.789 i
 156.49  610.49  13.7605 i
 156.49  642.224  13.729 i
 156.49  673.959  13.694 i
 156.49  705.694  13.6551 i
 156.49  737.429  13.6123 i
 156.49  769.163  13.5658 i
 156.49  800.898  13.5171 i
 156.49  832.633  13.4707 i
 156.49  864.367  13.4373 i
 156.49  896.102  13.4432 i
 156.49  927.837  13.5528 i
 156.49  959.571  13.9769 i
 156.49  991.306  11.8848 i
 156.49  1023.04  10.6593 i
 156.49  1054.78  8.37497 i
 156.49  1086.51  6.71903 i
 156.49  1118.24  7.79704 i
 156.49  1149.98  11.796 i
 156.49  1181.71  16.6021 i
 156.49  1213.45  19.0841 i
 156.49  1245.18  20.7142 i
 156.49  1276.92  21.9321 i
 156.49  1308.65  22.181 i
 156.49  1340.39  22.5947 i
 156.49  1372.12  23.578 i
 156.49  1403.86  26.7797 i
 156.49  1435.59  27.9181 i
 156.49  1467.33  31.2034 i
 156.49  1499.06  30.1598 i
 156.49  1530.8  24.0807 i
 156.49  1562.53  20.6405 i
 156.49  1594.27  20.1178 i
 156.49  1626  19.7907 i

# IsoCurve 38, 50 points
# x y z type
 143.449  71  14.0257 i
 143.449  102.735  14.0165 i
 143.449  134.469  14.0069 i
 143.449  166.204  13.9969 i
 143.449  197.939  13.9863 i
 143.449  229.673  13.9749 i
 143.449  261.408  13.9627 i
 143.449  293.143  13.9496 i
 143.449  324.878  13.9355 i
 143.449  356.612  13.9202 i
 143.449  388.347  13.9038 i
 143.449  420.082  13.8859 i
 143.449  451.816  13.8664 i
 143.449  483.551  13.8451 i
 143.449  515.286  13.8218 i
 143.449  547.02  13.7961 i
 143.449  578.755  13.7675 i
 143.449  610.49  13.7357 i
 143.449  642.224  13.7001 i
 143.449  673.959  13.6601 i
 143.449  705.694  13.6149 i
 143.449  737.429  13.5639 i
 143.449  769.163  13.5068 i
 143.449  800.898  13.4442 i
 143.449  832.633  13.3789 i
 143.449  864.367  13.3194 i
 143.449  896.102  13.2874 i
 143.449  927.837  13.3293 i
 143.449  959.571  13.4047 i
 143.449  991.306  12.1974 i
 143.449  1023.04  9.381 i
 143.449  1054.78  8.4842 i
 143.449  1086.51  10.0342 i
 143.449  1118.24  9.31197 i
 143.449  1149.98  9.40757 i
 143.449  1181.71  15.0166 i
 143.449  1213.45  17.5284 i
 143.449  1245.18  19.0437 i
 143.449  1276.92  20.0127 i
 143.449  1308.65  20.3993 i
 143.449  1340.39  20.7311 i
 143.449  1372.12  21.6511 i
 143.449  1403.86  23.192 i
 143.449  1435.59  23.5552 i
 143.449  1467.33  24.1072 i
 143.449  1499.06  23.6433 i
 143.449  1530.8  21.9559 i
 143.449  1562.53  20.2076 i
 143.449  1594.27  19.7175 i
 143.449  1626  19.4229 i

# IsoCurve 39, 50 points
# x y z type
 130.408  71  14.0222 i
 130.408  102.735  14.0126 i
 130.408  134.469  14.0026 i
 130.408  166.204  13.9921 i
 130.408  197.939  13.9809 i
 130.408  229.673  13.969 i
 130.408  261.408  13.9561 i
 130.408  293.143  13.9423 i
 130.408  324.878  13.9274 i
 130.408  356.612  13.9113 i
 130.408  388.347  13.8938 i
 130.408  420.082  13.8747 i
 130.408  451.816  13.8539 i
 130.408  483.551  13.8311 i
 130.408  515.286  13.8059 i
 130.408  547.02  13.7779 i
 130.408  578.755  13.7468 i
 130.408  610.49  13.7118 i
 130.408  642.224  13.6722 i
 130.408  673.959  13.6273 i
 130.408  705.694  13.5759 i
 130.408  737.429  13.5171 i
 130.408  769.163  13.4496 i
 130.408  800.898  13.3731 i
 130.408  832.633  13.2886 i
 130.408  864.367  13.2021 i
 130.408  896.102  13.1308 i
 130.408  927.837  13.1218 i
 130.408  959.571  13.2469 i
 130.408  991.306  10.1971 i
 130.408  1023.04  7.70492 i
 130.408  1054.78  9.75969 i
 130.408  1086.51  10.8996 i
 130.408  1118.24  10.4085 i
 130.408  1149.98  3.8449 i
 130.408  1181.71  13.6648 i
 130.408  1213.45  16.2863 i
 130.408  1245.18  17.8037 i
 130.408  1276.92  18.7458 i
 130.408  1308.65  19.2564 i
 130.408  1340.39  19.673 i
 130.408  1372.12  20.4037 i
 130.408  1403.86  21.3215 i
 130.408  1435.59  21.6572 i
 130.408  1467.33  21.77 i
 130.408  1499.06  21.3069 i
 130.408  1530.8  20.4644 i
 130.408  1562.53  19.7409 i
 130.408  1594.27  19.3537 i
 130.408  1626  19.0934 i

# IsoCurve 40, 50 points
# x y z type
 117.367  71  14.0188 i
 117.367  102.735  14.0088 i
 117.367  134.469  13.9984 i
 117.367  166.204  13.9874 i
 117.367  197.939  13.9757 i
 117.367  229.673  13.9632 i
 117.367  261.408  13.9497 i
 117.367  293.143  13.9352 i
 117.367  324.878  13.9196 i
 117.367  356.612  13.9026 i
 117.367  388.347  13.8841 i
 117.367  420.082  13.8639 i
 117.367  451.816  13.8418 i
 117.367  483.551  13.8175 i
 117.367  515.286  13.7905 i
 117.367  547.02  13.7605 i
 117.367  578.755  13.7268 i
 117.367  610.49  13.6887 i
 117.367  642.224  13.6454 i
 117.367  673.959  13.5958 i
 117.367  705.694  13.5386 i
 117.367  737.429  13.4721 i
 117.367  769.163  13.3947 i
 117.367  800.898  13.3046 i
 117.367  832.633  13.2012 i
 117.367  864.367  13.0874 i
 117.367  896.102  12.9768 i
 117.367  927.837  12.9249 i
 117.367  959.571  13.3439 i
 117.367  991.306  9.31602 i
 117.367  1023.04  8.17223 i
 117.367  1054.78  10.7951 i
 117.367  1086.51  11.3483 i
 117.367  1118.24  10.8769 i
 117.367  1149.98  3.8962 i
 117.367  1181.71  12.4257 i
 117.367  1213.45  15.2279 i
 117.367  1245.18  16.8052 i
 117.367  1276.92  17.7885 i
 117.367  1308.65  18.3943 i
 117.367  1340.39  18.8778 i
 117.367  1372.12  19.4873 i
 117.367  1403.86  20.1315 i
 117.367  1435.59  20.4504 i
 117.367  1467.33  20.5088 i
 117.367  1499.06  20.2296 i
 117.367  1530.8  19.7457 i
 117.367  1562.53  19.3125 i
 117.367  1594.27  19.0194 i
 117.367  1626  18.7949 i

# IsoCurve 41, 50 points
# x y z type
 104.327  71  14.0154 i
 104.327  102.735  14.0051 i
 104.327  134.469  13.9943 i
 104.327  166.204  13.9828 i
 104.327  197.939  13.9706 i
 104.327  229.673  13.9576 i
 104.327  261.408  13.9435 i
 104.327  293.143  13.9284 i
 104.327  324.878  13.912 i
 104.327  356.612  13.8942 i
 104.327  388.347  13.8748 i
 104.327  420.082  13.8535 i
 104.327  451.816  13.8302 i
 104.327  483.551  13.8044 i
 104.327  515.286  13.7758 i
 104.327  547.02  13.7437 i
 104.327  578.755  13.7076 i
 104.327  610.49  13.6667 i
 104.327  642.224  13.6199 i
 104.327  673.959  13.5659 i
 104.327  705.694  13.5031 i
 104.327  737.429  13.4295 i
 104.327  769.163  13.3426 i
 104.327  800.898  13.2396 i
 104.327  832.633  13.118 i
 104.327  864.367  12.9776 i
 104.327  896.102  12.8277 i
 104.327  927.837  12.7202 i
 104.327  959.571  13.2311 i
 104.327  991.306  8.83912 i
 104.327  1023.04  10.2013 i
 104.327  1054.78  11.3669 i
 104.327  1086.51  11.6256 i
 104.327  1118.24  11.1395 i
 104.327  1149.98  5.72327 i
 104.327  1181.71  11.1844 i
 104.327  1213.45  14.2668 i
 104.327  1245.18  15.9599 i
 104.327  1276.92  17.0124 i
 104.327  1308.65  17.6959 i
 104.327  1340.39  18.2264 i
 104.327  1372.12  18.7693 i
 104.327  1403.86  19.2801 i
 104.327  1435.59  19.5788 i
 104.327  1467.33  19.6552 i
 104.327  1499.06  19.5045 i
 104.327  1530.8  19.2159 i
 104.327  1562.53  18.9332 i
 104.327  1594.27  18.7116 i
 104.327  1626  18.5222 i

# IsoCurve 42, 50 points
# x y z type
 91.2857  71  14.012 i
 91.2857  102.735  14.0014 i
 91.2857  134.469  13.9902 i
 91.2857  166.204  13.9783 i
 91.2857  197.939  13.9657 i
 91.2857  229.673  13.9521 i
 91.2857  261.408  13.9375 i
 91.2857  293.143  13.9217 i
 91.2857  324.878  13.9046 i
 91.2857  356.612  13.8861 i
 91.2857  388.347  13.8658 i
 91.2857  420.082  13.8435 i
 91.2857  451.816  13.819 i
 91.2857  483.551  13.7919 i
 91.2857  515.286  13.7617 i
 91.2857  547.02  13.7277 i
 91.2857  578.755  13.6894 i
 91.2857  610.49  13.6458 i
 91.2857  642.224  13.5957 i
 91.2857  673.959  13.5377 i
 91.2857  705.694  13.4698 i
 91.2857  737.429  13.3896 i
 91.2857  769.163  13.294 i
 91.2857  800.898  13.179 i
 91.2857  832.633  13.0405 i
 91.2857  864.367  12.875 i
 91.2857  896.102  12.6866 i
 91.2857  927.837  12.5089 i
 91.2857  959.571  12.7663 i
 91.2857  991.306  7.94113 i
 91.2857  1023.04  11.2143 i
 91.2857  1054.78  11.6842 i
 91.2857  1086.51  11.8156 i
 91.2857  1118.24  11.3385 i
 91.2857  1149.98  6.17213 i
 91.2857  1181.71  9.64725 i
 91.2857  1213.45  13.3263 i
 91.2857  1245.18  15.2174 i
 91.2857  1276.92  16.3565 i
 91.2857  1308.65  17.1072 i
 91.2857  1340.39  17.6738 i
 91.2857  1372.12  18.1831 i
 91.2857  1403.86  18.6252 i
 91.2857  1435.59  18.9092 i
 91.2857  1467.33  19.0138 i
 91.2857  1499.06  18.9507 i
 91.2857  1530.8  18.782 i
 91.2857  1562.53  18.5949 i
 91.2857  1594.27  18.4283 i
 91.2857  1626  18.2714 i

# IsoCurve 43, 50 points
# x y z type
 78.2449  71  14.0087 i
 78.2449  102.735  13.9978 i
 78.2449  134.469  13.9863 i
 78.2449  166.204  13.974 i
 78.2449  197.939  13.9609 i
 78.2449  229.673  13.9468 i
 78.2449  261.408  13.9317 i
 78.2449  293.143  13.9153 i
 78.2449  324.878  13.8976 i
 78.2449  356.612  13.8783 i
 78.2449  388.347  13.8572 i
 78.2449  420.082  13.834 i
 78.2449  451.816  13.8084 i
 78.2449  483.551  13.78 i
 78.2449  515.286  13.7483 i
 78.2449  547.02  13.7126 i
 78.2449  578.755  13.6722 i
 78.2449  610.49  13.6262 i
 78.2449  642.224  13.5731 i
 78.2449  673.959  13.5114 i
 78.2449  705.694  13.4389 i
 78.2449  737.429  13.3528 i
 78.2449  769.163  13.2494 i
 78.2449  800.898  13.1238 i
 78.2449  832.633  12.97 i
 78.2449  864.367  12.7818 i
 78.2449  896.102  12.5575 i
 78.2449  927.837  12.3135 i
 78.2449  959.571  12.2314 i
 78.2449  991.306  11.5032 i
 78.2449  1023.04  11.6911 i
 78.2449  1054.78  11.8851 i
 78.2449  1086.51  11.9544 i
 78.2449  1118.24  11.5175 i
 78.2449  1149.98  8.42004 i
 78.2449  1181.71  7.05902 i
 78.2449  1213.45  12.3428 i
 78.2449  1245.18  14.5464 i
 78.2449  1276.92  15.7866 i
 78.2449  1308.65  16.5994 i
 78.2449  1340.39  17.1967 i
 78.2449  1372.12  17.6911 i
 78.2449  1403.86  18.0972 i
 78.2449  1435.59  18.3728 i
 78.2449  1467.33  18.5027 i
 78.2449  1499.06  18.5007 i
 78.2449  1530.8  18.4112 i
 78.2449  1562.53  18.2905 i
 78.2449  1594.27  18.1673 i
 78.2449  1626  18.0398 i

# IsoCurve 44, 50 points
# x y z type
 65.2041  71  14.0055 i
 65.2041  102.735  13.9943 i
 65.2041  134.469  13.9824 i
 65.2041  166.204  13.9698 i
 65.2041  197.939  13.9563 i
 65.2041  229.673  13.9418 i
 65.2041  261.408  13.9261 i
 65.2041  293.143  13.9092 i
 65.2041  324.878  13.8909 i
 65.2041  356.612  13.8708 i
 65.2041  388.347  13.8489 i
 65.2041  420.082  13.8249 i
 65.2041  451.816  13.7982 i
 65.2041  483.551  13.7687 i
 65.2041  515.286  13.7356 i
 65.2041  547.02  13.6984 i
 65.2041  578.755  13.6561 i
 65.2041  610.49  13.6078 i
 65.2041  642.224  13.5521 i
 65.2041  673.959  13.4871 i
 65.2041  705.694  13.4106 i
 65.2041  737.429  13.3193 i
 65.2041  769.163  13.2092 i
 65.2041  800.898  13.0745 i
 65.2041  832.633  12.9077 i
 65.2041  864.367  12.7 i
 65.2041  896.102  12.4441 i
 65.2041  927.837  12.1496 i
 65.2041  959.571  11.8057 i
 65.2041  991.306  11.7966 i
 65.2041  1023.04  11.888 i
 65.2041  1054.78  12.018 i
 65.2041  1086.51  12.0612 i
 65.2041  1118.24  11.6827 i
 65.2041  1149.98  9.65227 i
 65.2041  1181.71  3.4456 i
 65.2041  1213.45  11.3377 i
 65.2041  1245.18  13.927 i
 65.2041  1276.92  15.2805 i
 65.2041  1308.65  16.1555 i
 65.2041  1340.39  16.7811 i
 65.2041  1372.12  17.2707 i
 65.2041  1403.86  17.6579 i
 65.2041  1435.59  17.9298 i
 65.2041  1467.33  18.0799 i
 65.2041  1499.06  18.1215 i
 65.2041  1530.8  18.087 i
 65.2041  1562.53  18.0147 i
 65.2041  1594.27  17.9266 i
 65.2041  1626  17.8254 i

# IsoCurve 45, 50 points
# x y z type
 52.1633  71  14.0024 i
 52.1633  102.735  13.9909 i
 52.1633  134.469  13.9787 i
 52.1633  166.204  13.9657 i
 52.1633  197.939  13.9518 i
 52.1633  229.673  13.9369 i
 52.1633  261.408  13.9208 i
 52.1633  293.143  13.9033 i
 52.1633  324.878  13.8844 i
 52.1633  356.612  13.8638 i
 52.1633  388.347  13.8411 i
 52.1633  420.082  13.8162 i
 52.1633  451.816  13.7887 i
 52.1633  483.551  13.758 i
 52.1633  515.286  13.7237 i
 52.1633  547.02  13.6851 i
 52.1633  578.755  13.6412 i
 52.1633  610.49  13.5909 i
 52.1633  642.224  13.5328 i
 52.1633  673.959  13.465 i
 52.1633  705.694  13.385 i
 52.1633  737.429  13.2895 i
 52.1633  769.163  13.1739 i
 52.1633  800.898  13.0318 i
 52.1633  832.633  12.8548 i
 52.1633  864.367  12.6314 i
 52.1633  896.102  12.3492 i
 52.1633  927.837  12.0108 i
 52.1633  959.571  11.8026 i
 52.1633  991.306  11.8667 i
 52.1633  1023.04  11.9811 i
 52.1633  1054.78  12.1078 i
 52.1633  1086.51  12.1472 i
 52.1633  1118.24  11.8289 i
 52.1633  1149.98  10.2379 i
 52.1633  1181.71  4.16396 i
 52.1633  1213.45  10.3589 i
 52.1633  1245.18  13.3392 i
 52.1633  1276.92  14.8187 i
 52.1633  1308.65  15.7647 i
 52.1633  1340.39  16.4178 i
 52.1633  1372.12  16.9074 i
 52.1633  1403.86  17.2846 i
 52.1633  1435.59  17.5553 i
 52.1633  1467.33  17.7211 i
 52.1633  1499.06  17.7944 i
 52.1633  1530.8  17.7995 i
 52.1633  1562.53  17.7637 i
 52.1633  1594.27  17.7044 i
 52.1633  1626  17.6262 i

# IsoCurve 46, 50 points
# x y z type
 39.1224  71  13.9994 i
 39.1224  102.735  13.9876 i
 39.1224  134.469  13.9751 i
 39.1224  166.204  13.9618 i
 39.1224  197.939  13.9476 i
 39.1224  229.673  13.9322 i
 39.1224  261.408  13.9157 i
 39.1224  293.143  13.8978 i
 39.1224  324.878  13.8783 i
 39.1224  356.612  13.857 i
 39.1224  388.347  13.8338 i
 39.1224  420.082  13.8081 i
 39.1224  451.816  13.7797 i
 39.1224  483.551  13.7481 i
 39.1224  515.286  13.7127 i
 39.1224  547.02  13.6727 i
 39.1224  578.755  13.6274 i
 39.1224  610.49  13.5754 i
 39.1224  642.224  13.5153 i
 39.1224  673.959  13.4452 i
 39.1224  705.694  13.3624 i
 39.1224  737.429  13.2635 i
 39.1224  769.163  13.1436 i
 39.1224  800.898  12.9962 i
 39.1224  832.633  12.812 i
 39.1224  864.367  12.5777 i
 39.1224  896.102  12.2752 i
 39.1224  927.837  11.8718 i
 39.1224  959.571  11.8077 i
 39.1224  991.306  11.846 i
 39.1224  1023.04  12.0266 i
 39.1224  1054.78  12.1717 i
 39.1224  1086.51  12.2198 i
 39.1224  1118.24  11.9593 i
 39.1224  1149.98  10.623 i
 39.1224  1181.71  4.59246 i
 39.1224  1213.45  9.04584 i
 39.1224  1245.18  12.7448 i
 39.1224  1276.92  14.3743 i
 39.1224  1308.65  15.4205 i
 39.1224  1340.39  16.1006 i
 39.1224  1372.12  16.5914 i
 39.1224  1403.86  16.9627 i
 39.1224  1435.59  17.2335 i
 39.1224  1467.33  17.4111 i
 39.1224  1499.06  17.5077 i
 39.1224  1530.8  17.542 i
 39.1224  1562.53  17.5345 i
 39.1224  1594.27  17.4989 i
 39.1224  1626  17.441 i

# IsoCurve 47, 50 points
# x y z type
 26.0816  71  13.9965 i
 26.0816  102.735  13.9845 i
 26.0816  134.469  13.9717 i
 26.0816  166.204  13.9581 i
 26.0816  197.939  13.9435 i
 26.0816  229.673  13.9278 i
 26.0816  261.408  13.9108 i
 26.0816  293.143  13.8925 i
 26.0816  324.878  13.8725 i
 26.0816  356.612  13.8507 i
 26.0816  388.347  13.8268 i
 26.0816  420.082  13.8005 i
 26.0816  451.816  13.7713 i
 26.0816  483.551  13.7388 i
 26.0816  515.286  13.7024 i
 26.0816  547.02  13.6614 i
 26.0816  578.755  13.6148 i
 26.0816  610.49  13.5614 i
 26.0816  642.224  13.4997 i
 26.0816  673.959  13.4277 i
 26.0816  705.694  13.3428 i
 26.0816  737.429  13.2414 i
 26.0816  769.163  13.1187 i
 26.0816  800.898  12.968 i
 26.0816  832.633  12.7797 i
 26.0816  864.367  12.5398 i
 26.0816  896.102  12.2259 i
 26.0816  927.837  11.7447 i
 26.0816  959.571  11.263 i
 26.0816  991.306  11.7973 i
 26.0816  1023.04  12.0529 i
 26.0816  1054.78  12.2216 i
 26.0816  1086.51  12.2847 i
 26.0816  1118.24  12.0818 i
 26.0816  1149.98  11.0502 i
 26.0816  1181.71  6.9968 i
 26.0816  1213.45  7.66411 i
 26.0816  1245.18  12.0113 i
 26.0816  1276.92  13.8988 i
 26.0816  1308.65  15.1215 i
 26.0816  1340.39  15.8256 i
 26.0816  1372.12  16.316 i
 26.0816  1403.86  16.6826 i
 26.0816  1435.59  16.9533 i
 26.0816  1467.33  17.1397 i
 26.0816  1499.06  17.2535 i
 26.0816  1530.8  17.3098 i
 26.0816  1562.53  17.3244 i
 26.0816  1594.27  17.3086 i
 26.0816  1626  17.2684 i

# IsoCurve 48, 50 points
# x y z type
 13.0408  71  13.9937 i
 13.0408  102.735  13.9815 i
 13.0408  134.469  13.9684 i
 13.0408  166.204  13.9545 i
 13.0408  197.939  13.9396 i
 13.0408  229.673  13.9236 i
 13.0408  261.408  13.9063 i
 13.0408  293.143  13.8875 i
 13.0408  324.878  13.8671 i
 13.0408  356.612  13.8448 i
 13.0408  388.347  13.8203 i
 13.0408  420.082  13.7934 i
 13.0408  451.816  13.7635 i
 13.0408  483.551  13.7303 i
 13.0408  515.286  13.6931 i
 13.0408  547.02  13.6511 i
 13.0408  578.755  13.6035 i
 13.0408  610.49  13.5489 i
 13.0408  642.224  13.4859 i
 13.0408  673.959  13.4126 i
 13.0408  705.694  13.3262 i
 13.0408  737.429  13.2233 i
 13.0408  769.163  13.0991 i
 13.0408  800.898  12.9472 i
 13.0408  832.633  12.7582 i
 13.0408  864.367  12.5183 i
 13.0408  896.102  12.2046 i
 13.0408  927.837  11.7611 i
 13.0408  959.571  11.2545 i
 13.0408  991.306  11.769 i
 13.0408  1023.04  12.0782 i
 13.0408  1054.78  12.2662 i
 13.0408  1086.51  12.3457 i
 13.0408  1118.24  12.2005 i
 13.0408  1149.98  11.4402 i
 13.0408  1181.71  8.22676 i
 13.0408  1213.45  5.90859 i
 13.0408  1245.18  10.4981 i
 13.0408  1276.92  13.3513 i
 13.0408  1308.65  14.8732 i
 13.0408  1340.39  15.5902 i
 13.0408  1372.12  16.076 i
 13.0408  1403.86  16.4373 i
 13.0408  1435.59  16.7072 i
 13.0408  1467.33  16.8997 i
 13.0408  1499.06  17.0262 i
 13.0408  1530.8  17.0993 i
 13.0408  1562.53  17.1314 i
 13.0408  1594.27  17.1322 i
 13.0408  1626  17.1073 i

# IsoCurve 49, 50 points
# x y z type
 0  71  13.9911 i
 0  102.735  13.9786 i
 0  134.469  13.9653 i
 0  166.204  13.9512 i
 0  197.939  13.9359 i
 0  229.673  13.9196 i
 0  261.408  13.9019 i
 0  293.143  13.8828 i
 0  324.878  13.862 i
 0  356.612  13.8392 i
 0  388.347  13.8143 i
 0  420.082  13.7868 i
 0  451.816  13.7564 i
 0  483.551  13.7225 i
 0  515.286  13.6846 i
 0  547.02  13.6419 i
 0  578.755  13.5934 i
 0  610.49  13.538 i
 0  642.224  13.4741 i
 0  673.959  13.3998 i
 0  705.694  13.3126 i
 0  737.429  13.2092 i
 0  769.163  13.0849 i
 0  800.898  12.9337 i
 0  832.633  12.7471 i
 0  864.367  12.5127 i
 0  896.102  12.2113 i
 0  927.837  11.8092 i
 0  959.571  11.2548 i
 0  991.306  11.7938 i
 0  1023.04  12.1137 i
 0  1054.78  12.3112 i
 0  1086.51  12.4057 i
 0  1118.24  12.316 i
 0  1149.98  11.7899 i
 0  1181.71  9.97987 i
 0  1213.45  8.27515 i
 0  1245.18  8.76843 i
 0  1276.92  12.9976 i
 0  1308.65  14.6854 i
 0  1340.39  15.3921 i
 0  1372.12  15.8675 i
 0  1403.86  16.2219 i
 0  1435.59  16.4897 i
 0  1467.33  16.686 i
 0  1499.06  16.8218 i
 0  1530.8  16.9076 i
 0  1562.53  16.9538 i
 0  1594.27  16.9684 i
 0  1626  16.9569 i

